100
-16882727 -59438331
89490222 34814851
40337680 29533413
73687016 70434824
-3388205 -15497962
19279331 96395344
-4200232 -76244761
-26591252 40462991
34772261 32920663
-19896473 11245455
99186154 -68157168
-28129155 -51525367
50196130 -10568608
-46510301 -336260
69865608 36119298
61555441 -47697624
-15639780 35656962
11125170 -19652506
51249201 -96152366
-25972482 -11419718
-45918385 -2634812
96345688 -82220628
73812717 61699291
-16154064 67078497
82613197 37119048
-42161596 77649140
91797311 -84737259
-7649958 38696117
56607775 -61761131
-28103187 -92065165
-78137793 -65458233
-45846712 12973020
26496954 -57813636
-2705198 -73977442
76213073 84360761
-2282377 -30927923
91467693 66509835
40594146 93503554
-94158498 -10909127
43294627 17594142
-91814447 8769210
-98332493 -68523304
-10137791 -31407868
-44841716 -2171406
-64477259 -27402503
64828306 -62689839
40060658 94363945
-21796171 -94409980
-77591909 -65119488
-775786 -71030251
81642309 -37423779
-98831957 38386365
50102539 -73324154
52008883 -76246975
-12628640 -38629246
-35235356 -34478117
-3148377 77314026
-98043001 41283454
67798404 -83687795
-57130334 16915172
-64156744 -75116963
65740469 64826153
-81512900 -98212759
56848492 47213320
-30919349 45011168
51039678 -35334906
-39626795 3520433
-90076188 -39454746
52440083 89027097
72097114 68339251
4275648 48024143
-48356114 64401086
19709323 66663117
-82834693 16380387
-36333602 -48494609
39876240 -92650575
-25520599 -9472865
-41392678 40659822
42510726 39248575
7378979 -48560952
84257927 -28639105
-25624715 90453848
-52821078 31390869
13187751 44881183
85955844 90260669
2814472 -20897382
-27740587 -51421883
-31326364 75184585
86342680 -95295091
-56120382 82016790
4176624 995317
-36562325 85314597
7753848 -44712830
79064826 87474402
70224564 48553054
-1476610 -63340933
-80254393 -7613547
82410607 31768389
-49564552 -86563656
-63187472 -76212137