150
99
14
67
60
69
18
119
16
126
129
35
81
29
19
92
17
145
100
74
31
48
7
63
91
110
107
130
133
57
61
41
138
148
46
55
64
121
120
102
2
66
149
32
134
113
20
11
53
21
93
94
128
144
90
22
135
38
58
80
30
84
1
4
79
36
70
72
13
56
98
75
3
34
95
103
111
115
136
28
50
24
112
123
51
49
73
37
27
137
42
8
85
76
44
89
25
47
43
140
5
142
117
77
86
6
40
83
101
127
96
10
125
54
26
68
71
97
114
104
143
146
131
23
45
33
105
39
59
78
109
122
108
150
88
87
116
106
147
139
118
9
132
12
124
15
65
62
141
52
82
2
82
146
37
45
24
61
106
84
75
21
16
135
129
66
71
7
70
133
77
136
27
50
11
139
134
123
107
108
43
113
92
18
52
10
25
57
9
95
34
38
96
111
138
117
90
15
68
145
40
30
26
142
109
59
64
65
99
119
69
147
83
132
102
112
20
36
33
19
80
62
6
130
114
121
4
53
131
51
23
86
58
88
128
22
120
125
85
140
148
115
93
73
141
116
29
89
122
150
3
87
47
78
44
97
32
39
94
5
1
127
104
14
63
100
76
137
67
103
54
144
13
81
12
98
46
126
41
42
91
101
74
149
124
105
48
8
56
118
60
28
55
49
35
31
17
72
110
79
143
